4912
4134
4768
2855
2916
1563
4901
72
3286
4377
2111
1654
2266
305
1775
1461
3390
3150
2983
1487
3258
4221
3364
1499
1153
2042
3184
2871
2080
379
1622
395
4679
3629
2434
104
4295
1482
3676
523
1650
2293
1899
421
1212
360
588
155
1416
2348
1767
4458
2920
1574
4928
4253
2653
2184
976
1469
958
2475
4773
4706
3254
1150
2574
3050
2230
2547
3349
4403
3122
3724
1691
1565
4726
2774
464
2426
1688
493
4122
4772
547
1067
558
2921
4218
808
940
2501
2423
4669
1885
2524
2691
1694
4844
4073
4442
594
2670
2979
3156
3992
4675
3444
2347
3528
4440
3327
3480
1137
4110
2542
1228
2121
4407
2943
972
2326
4199
2898
3116
2438
1852
2417
2160
3296
3692
1292
1372
3462
569
76
3899
20
3645
1996
1191
3248
753
633
3663
1044
171
4739
4125
1373
2832
4589
3158
1262
1756
4747
3705
3
264
218
546
2235
3697
1486
3334
1626
2971
4331
3466
516
557
1799
2112
1090
268
4197
4832
1430
1828
1990
1197
141
553
1865
1695
2156
502
4647
2736
4167
4734
3285
1402
3709
3877
876
3829
4430
1032
88
4650
269
1846
4093
336
4090
3492
3580
355
834
2772
2715
4910
3635
2167
1683
2372
3173
2534
1901
1892
3085
2771
2531
1918
1983
207
1427
1431
2787
679
1088
3701
399
1527
4795
3368
2250
4239
4177
2766
3386
1786
743
2970
473
1768
2047
3557
4422
4916
2218
2151
3200
2975
79
2051
3298
4729
2355
101
4874
3936
4224
4532
884
3337
1043
3198
123
3022
383
3929
612
144
2576
1769
957
2311
2063
3257
304
2589
100
1816
3219
373
164
4672
2919
3511
3169
3117
3850
158
1323
1202
840
765
1702
2613
928
2492
920
4563
4591
3661
422
3647
1967
3787
4633
4256
2846
289
442
4816
150
1327
621
1975
2053
4702
642
4417
2338
404
4424
816
2765
935
4634
2515
1727
3148
2321
3666
994
4387
2228
296
1989
2817
3479
3710
1361
3664
4357
1954
2095
4017
521
726
3583
863
723
3859
4416
2904
1706
3869
4292
1241
3946
3558
4419
2725
3795
2092
528
811
770
2558
3330
3978
1194
1915
1508
3942
4326
699
3918
4813
3690
4608
4865
1157
829
2105
3810
1861
805
3250
1633
3808
136
423
4006
4358
949
111
4665
3518
929
3125
2353
4095
1782
3076
870
4445
2512
4655
3046
3644
1230
1868
3396
131
1952
3249
1377
118
1306
36
4113
282
3499
3698
1225
4686
3864
3467
3699
229
1223
3055
4787
460
2521
2422
2884
2878
2236
2504
411
769
4159
4433
2960
3688
3137
3478
2378
2424
1961
187
2298
1682
2154
4643
2014
1149
2018
4215
1172
376
823
1692
2860
4822
4137
2369
2895
3391
288
1616
4508
3034
938
1169
2549
400
4947
4938
3716
2927
299
4936
1365
3312
2741
4414
1375
1216
2073
4187
4118
822
2805
4902
2134
3632
2560
526
4614
2065
445
1173
4453
531
4014
3338
801
783
1589
991
1456
274
1929
1346
1586
308
3242
1237
3295
1519
3923
3178
1824
4771
4918
3320
2276
2384
1645
3578
4932
1906
881
398
3585
4335
1503
3485
2143
4227
2892
690
3454
3957
1424
1181
2803
4620
2192
2790
1063
1423
316
4696
2767
900
1034
998
494
1475
4685
1866
3240
3000
2323
3114
1183
4611
1837
3207
3057
3975
1320
4455
3556
4797
2138
2037
1518
2923
506
3079
3779
3090
482
3201
30
3547
708
3108
1548
266
2864
238
2750
2903
2797
40
1450
715
2751
2085
4361
4325
3995
1440
3653
1719
1687
1770
4545
436
3785
1042
4839
3546
1081
3255
2575
3262
4240
1072
3468
278
4104
3767
3009
4693
1337
2548
3902
4972
3693
921
4210
1448
1666
4060
11
440
3706
3081
1164
3752
1656
1953
489
734
198
481
3878
1086
1987
3071
1879
4477
975
2405
1289
480
3886
4102
968
1870
825
3073
4491
2562
554
4900
3907
2264
2619
3652
2679
2769
3280
2665
3687
1344
3104
4238
1268
1354
696
4152
2869
2186
902
1263
1711
1008
817
3442
3123
4778
3623
1723
3053
4898
3436
3432
4304
4313
2643
3275
472
362
4057
2940
64
4549
2944
639
4630
3812
2600
967
3540
3749
2439
1736
4759
2282
2098
3220
3904
4444
2659
2499
1951
4388
1254
2359
1809
1674
1199
201
4368
3704
1889
979
54
4318
4751
4382
689
4725
590
3976
1732
705
2039
2260
4503
2345
2991
941
1452
3680
3408
2302
4971
2780
4431
2054
3004
2788
535
1126
429
2343
1033
739
2012
2998
4192
3865
4288
4978
259
3406
3451
4116
836
3614
3855
4022
4446
1848
1517
3245
1551
1609
3951
1307
1085
4080
4890
1898
3066
3018
3452
3852
3560
3972
3973
3336
2843
1113
824
2328
3682
1897
4562
750
3400
4223
168
1588
1047
909
2637
4374
3880
4425
2707
2465
1827
3162
2818
286
3582
2810
2407
2162
2318
2930
741
735
1709
4722
2471
3261
1498
626
2220
3048
4496
3891
3241
1260
2212
1064
894
3271
262
788
3718
4823
1737
193
4233
727
673
4412
3678
1266
1571
3746
4671
1640
430
4544
2786
1797
2339
3727
444
761
1235
4186
1693
4058
1057
4969
1562
992
3679
291
1276
1819
3166
1493
4991
4229
2058
4397
2115
790
1829
1481
3576
1255
2476
3477
2729
1470
84
2036
3267
3033
2379
4536
1917
2651
4170
4454
2463
4145
589
3912
1765
1535
1530
1058
1295
4528
2696
1878
3981
908
1679
1556
1104
12
1742
624
1025
4003
700
4610
1217
4482
3882
4394
4140
4940
3012
2056
3083
4808
3833
1751
439
4059
1604
3172
1271
4758
2081
2252
4596
486
3931
827
1668
792
4965
4143
2731
2896
4920
2374
4660
2075
2310
4136
3839
1204
3866
1334
4538
50
3103
3845
2364
3620
4276
2572
358
