4134
2916
2855
4928
4912
1622
1654
1691
4403
4768
2326
1499
2653
3257
3184
3424
1775
588
2938
155
4221
2323
1563
4706
98
4377
3034
3258
304
3286
4458
3518
1852
3710
207
1983
1756
1804
466
4563
4080
2943
564
218
1565
2524
4253
558
2042
2348
876
4387
2659
2920
421
305
4874
2063
4865
723
940
2111
158
1828
3085
3676
2680
1653
3666
594
3076
621
3203
2417
1212
2230
4405
566
4440
4442
2121
1255
2426
4634
2633
3679
3623
355
4295
3877
4655
2629
2547
4167
2970
2548
2355
2311
4453
1421
3661
4520
2957
1498
2881
1767
4210
2976
2151
3466
144
642
3207
2433
1692
3629
2303
238
4192
4679
2434
3614
3122
4729
990
1656
2160
1773
595
4772
3167
3004
700
2371
1070
1424
4407
1899
1868
3514
3766
2534
2492
4177
521
2080
1846
4916
1550
4840
2898
3330
2921
923
649
826
2112
4643
481
726
4326
3678
1915
2856
3087
2542
4125
3528
4093
3637
1847
1688
1829
3128
2824
2338
4596
4991
3632
808
3219
4832
296
3546
399
3335
2979
1220
1430
1032
4895
3248
833
1230
1019
85
2058
360
3580
1170
4732
3463
3079
543
1091
3368
3082
1416
78
4356
2053
3268
2820
4985
4137
753
2771
4659
3804
1479
4357
2962
1042
36
3631
1734
2423
2095
2173
3050
1989
827
3364
2501
682
1150
2564
812
4816
3156
4773
950
1629
553
4419
730
4850
1589
4279
3055
4479
1696
2134
4491
1586
4988
3016
2030
1442
4108
1373
1470
2521
2060
187
632
2297
3478
1650
2302
957
2250
29
2709
172
4611
934
1226
2427
442
125
1960
2832
4528
4312
654
4976
2651
2581
241
1738
198
3261
1163
49
453
3022
3169
1244
2510
4684
3929
4686
1367
79
2065
1768
2332
4633
3396
67
1386
3859
3952
2515
3173
1576
1458
2188
755
3275
2817
560
1921
4734
266
1581
3769
330
2315
3060
8
1137
4287
4889
3404
964
1219
909
3119
4494
2475
2871
2842
2345
2228
30
3557
3479
2866
4621
3477
4875
123
2613
3140
16
2869
4256
1474
803
2264
1414
673
2860
2272
2349
1465
4331
4901
3391
884
3784
3866
4844
985
1218
3412
811
1377
1645
1879
1353
4230
3276
3454
1276
1354
2622
501
3641
1527
3002
4620
316
3437
924
3444
853
3186
4751
3403
4822
4892
3663
4169
1641
2601
1328
389
118
681
1292
571
3699
2347
2578
3001
150
3902
2562
2637
12
1268
1906
3978
4325
76
2550
3451
1099
3829
1602
2266
1918
3976
850
1683
786
1719
3692
741
2014
4164
3845
1774
805
3558
937
3114
448
890
3642
4118
3694
864
3090
1078
4562
4650
3361
383
4052
2569
4322
2766
4242
1155
4860
4254
3285
2541
3042
848
2983
2342
2372
3254
1274
1399
822
3390
226
4503
1736
2565
3009
3850
391
1461
2092
4190
4304
907
3097
1361
3876
2944
4702
3150
4616
3503
493
4116
1574
3653
2394
3864
4368
3645
4231
2574
1223
71
1113
1769
1487
3492
3664
2596
2641
810
3644
3764
2405
2130
18
1090
581
636
3981
72
3545
2948
3235
308
637
4099
131
2353
4647
3088
3770
824
613
1547
679
4675
3595
2125
4790
1877
1086
4056
3697
905
1848
4020
4890
528
1938
4414
3959
3099
4035
1482
3386
3964
3307
3923
1917
4910
1071
3617
3215
4029
3936
4014
3161
1081
672
1033
3267
2971
2155
2504
1448
4545
1135
4682
4587
2867
2293
3693
3980
2772
2282
317
395
3185
1213
2919
2575
2041
3
4685
185
4301
4153
3747
4678
3164
3785
3613
3516
516
3120
4199
2947
404
1996
4960
4110
3972
920
4445
288
3137
2997
3842
464
1067
4197
2310
2142
159
2532
4973
2438
3540
2666
3400
4425
1022
1732
3422
2182
3411
282
1748
715
3522
823
1666
666
968
630
1153
3919
3226
1994
2212
1990
4630
2218
10
4753
486
4747
3819
362
1393
1892
303
4437
1779
1207
4534
680
1308
2368
27
3774
3397
4168
783
4323
3178
4711
378
2896
428
4067
4552
2678
3413
2821
4532
3812
4226
3698
4170
967
3353
3995
4965
3336
4430
4114
4198
3462
2604
3951
3553
1844
3709
902
3794
4726
2875
3499
1673
1357
1295
2018
2082
2751
1793
3899
136
2830
2815
1149
4101
686
737
1682
2690
4281
4276
1950
840
1306
3242
2415
4759
1987
429
997
525
1660
1827
1900
4544
1908
2114
2259
1085
2036
4006
4142
4229
761
2561
3046
836
526
4810
4013
1694
2054
547
807
593
549
494
3204
4115
2158
3345
4591
721
4408
3886
1173
829
568
602
3240
2105
3915
2422
4086
2167
2978
3538
1437
2670
1758
2557
4355
3669
1889
4652
3865
3036
1841
1005
2235
3910
4877
2395
1718
4119
1194
3588
1895
3820
2769
2097
3542
1291
2876
2474
94
2788
3918
3890
1689
2132
1402
411
4756
4818
3182
3225
2298
1122
193
2379
1197
4162
3585
1181
104
4181
4382
1612
816
1535
2287
4064
718
3374
3511
2643
2737
2895
1111
3839
2249
1780
3948
1323
2727
4863
2545
2194
4857
935
4136
2081
1885
4672
2457
4763
1961
3947
3869
1978
1204
1006
1225
2589
4866
1221
855
133
640
97
3868
554
3535
1072
3702
2192
4024
4340
3295
397
580
1166
2304
4696
472
2174
883
2424
4005
1672
743
645
3589
4148
2775
1881
1909
1041
676
911
1473
2011
1344
2248
2616
3129
1770
1003
3125
1289
667
1055
3358
2904
11
3461
423
268
388
4540
1762
612
739
3251
1262
4217
2482
2115
3752
3460
3853
1562
95
117
2903
1604
3279
972
1870
151
168
4980
976
2359
1422
1988
1861
1568
3579
590
2533
894
64
3443
1713
3457
2369
2191
1388
3648
3216
1901
4547
708
3179
839
3277
3870
2064
1486
846
358
1431
4938
339
4574
4482
2312
