4928
2916
588
4134
2855
1622
3257
2629
2938
98
594
3424
2121
2348
3877
155
2417
3203
3184
4295
1499
4106
2042
564
3952
2371
2871
4405
1653
4563
3710
4403
1692
4865
723
3676
1654
3679
2653
1255
3286
4221
3258
1212
4479
1994
4768
3034
2326
4874
1756
1691
595
1493
2423
1563
3616
2970
4357
2223
3613
2323
1421
4377
466
4167
4912
2775
2943
1430
4253
4442
1978
621
1983
1868
4387
3016
3642
1736
76
3018
1244
1565
649
3518
4440
4420
4729
4795
2524
4675
1183
1254
218
2983
3623
1719
2680
4279
3444
3467
40
2843
2426
4541
3076
3364
1918
2501
207
2771
2355
4040
2633
2303
3219
1846
876
1744
2111
4815
3766
2438
3404
2041
151
822
4356
1091
4771
3784
4326
2160
4458
4017
2095
1767
4832
1656
547
4772
4644
1061
791
2534
1852
4875
4596
3087
164
360
1241
2561
421
482
3982
1475
976
4419
1576
1813
566
4532
4119
4985
890
3199
3004
158
3666
913
4070
2272
2188
4528
317
3090
1899
4920
3785
3254
2492
2156
3886
558
2266
398
4520
493
4706
1780
1960
3330
187
2220
1479
4164
238
464
3797
1804
383
3227
1440
2957
1817
3167
1748
3764
833
3311
4406
969
521
1365
3261
3210
2723
3550
2114
2080
4969
4210
1547
3968
3589
2000
4325
1022
3936
3128
3580
2947
1996
1361
2510
953
3635
4643
1358
2349
2063
2338
72
2260
1828
699
1431
1773
1824
4655
305
663
501
726
2191
2964
957
2962
3463
3050
3466
1276
3156
4916
2060
1386
2856
67
2066
2475
3150
2378
4331
722
1825
1929
909
3718
3085
3514
420
4093
1770
736
3698
104
3680
2345
3386
2923
1090
2549
2521
2920
2976
1775
4478
1816
2230
12
1487
4496
811
2347
355
2978
3412
2162
2991
4115
4189
1486
2670
571
900
1522
2073
4005
2
3976
765
1886
2030
2151
2830
1674
808
743
2184
4637
4984
3055
1458
676
3269
1153
3866
399
391
1262
1752
1163
4355
1982
20
4610
2940
940
2332
4878
1367
1291
1137
4491
356
3756
637
4738
4542
4708
2564
4877
1041
135
172
2894
2817
1029
958
4858
1092
986
2921
3320
2112
4508
773
264
3565
1504
2581
4776
1374
1289
2659
2860
296
3390
2383
2623
3334
3804
1820
2503
3697
1688
553
626
3716
1225
400
2738
3298
2382
1584
3173
4090
1364
755
632
2804
3037
810
2531
4761
2903
1952
4095
3617
3201
4120
1104
1700
3437
2854
3870
1112
2321
3523
1170
307
4739
1765
3198
2898
481
4316
848
3401
2948
3303
1283
1350
2589
2591
3947
395
259
1695
565
3328
560
4192
3707
1414
1164
3967
1327
3795
4580
770
3629
4773
3731
2128
1951
1644
4110
68
4791
1602
1463
4466
1683
650
4813
4844
2433
3769
2231
4408
2747
4310
492
935
2434
4450
2228
2083
2527
2574
2848
71
303
4649
718
2554
1892
549
947
4887
2842
3528
1474
370
3822
1919
4620
1219
4198
1566
907
2302
967
4288
1694
928
289
1556
705
1207
4122
3897
3739
3583
2098
1087
1879
966
1640
1901
3724
3287
2878
2874
249
715
3687
221
1169
1332
1860
929
4125
4029
4850
1149
1043
174
136
658
4991
2019
2592
223
2532
1220
3353
2533
1216
8
4996
3645
659
389
2824
4901
3562
3368
4242
916
1005
4142
859
49
4748
3631
4388
1723
4141
3462
1444
3485
1470
4354
127
2732
3307
2618
2186
3678
4982
4902
1344
3097
1758
4914
1991
1218
2710
4069
3380
2542
3431
1880
3882
4089
875
2569
1355
1156
1017
2651
2885
1535
4108
2210
1097
3689
3774
682
1215
1032
638
3704
694
1800
2340
4935
4722
4976
3859
924
4816
3516
64
839
118
1265
1198
3492
3540
4136
2052
1268
4717
2447
1162
4825
2491
3220
3422
2927
2462
816
630
2890
972
4168
3410
2698
4411
3944
4453
4775
4886
1910
478
4395
4112
495
1304
988
4840
4073
3535
2204
1461
615
4051
1732
4132
732
2774
812
2008
1701
3290
4482
206
2886
3158
2203
1173
3172
3103
1392
2622
2979
4218
1294
4086
4046
3122
2379
3032
1629
3470
2621
4346
35
4137
418
3506
422
3248
1806
1407
1793
829
1088
4230
2772
2821
25
3955
4257
3025
2846
3161
3637
1555
708
671
2409
2461
1372
1231
3164
30
2364
783
3810
442
1968
4628
3686
1204
2838
453
1377
1623
4012
2056
711
3746
1360
2801
1328
2097
4238
2913
4895
1416
3461
1157
1067
4810
2036
4676
4057
3693
3772
330
622
823
4415
4629
4080
4485
1388
1373
2472
3275
2427
293
4197
1769
1990
680
3125
4737
757
4322
2726
4522
16
36
2481
3641
4305
3749
3542
77
3928
1641
1481
861
2134
1134
3451
4557
2816
4732
1679
1308
1673
185
3973
3363
3460
3893
3651
423
2312
4617
3388
4693
3590
3553
1574
3977
4751
4988
3356
1197
1263
1958
137
4547
1353
1131
1402
995
1086
3374
3403
2918
2892
2422
664
2059
2178
2661
2440
1709
3861
1176
2144
3175
1423
2009
3848
3614
4416
393
1708
3770
2721
14
2998
4715
3285
4384
3273
1498
2465
543
1070
3841
2317
1544
4391
282
1861
3411
546
2850
3205
2570
3266
2039
4350
487
3185
4518
58
3327
3939
2905
294
2578
1768
2243
514
1717
1887
4121
4300
2803
3819
525
1094
727
1666
528
3288
1441
3530
3129
3225
881
3709
1025
3964
4857
3511
4980
2881
2205
2241
3560
251
2550
3107
3454
3255
3264
1559
836
436
4753
2249
3524
1753
2782
555
4917
2849
1998
160
4611
2794
996
4407
1482
3661
4603
4099
2318
430
378
3406
3
4855
3691
4502
4679
3378
2637
2129
642
1877
2548
4747
387
3104
1841
754
4898
367
1645
2081
3507
336
4038
3599
1259
1897
2567
485
23
