4134
1691
2916
4403
588
1983
4874
1499
4706
1653
4928
493
1622
594
2371
2680
3167
218
3257
4210
2303
1804
3546
155
3676
2957
2323
2188
2063
453
2938
2417
4768
421
4912
4221
3286
2042
4253
4659
2121
4520
3877
2326
1421
3258
3184
1479
2348
2581
4563
4442
4865
4458
207
1094
2426
2855
4634
3631
1852
2272
4192
360
1244
2433
3518
2962
3119
2651
621
98
2848
2160
3330
1220
1276
1692
2266
238
20
71
3085
3822
3766
4729
2532
2653
4295
2524
1255
1219
3956
2881
4528
1414
1442
3580
1070
909
3087
1656
1775
595
4080
172
4895
3463
640
1654
2948
3679
3034
4357
226
1918
649
3870
4377
2970
2629
76
637
3866
2151
726
3219
1846
3519
4596
2824
1022
1361
2228
1921
4356
3203
466
1991
1212
2315
4242
4167
2564
4892
4901
1738
811
1828
4542
809
3710
1207
4858
1563
72
2866
4916
3343
1455
4387
4860
2111
978
3648
187
144
3122
543
3385
779
3485
3335
2804
4976
1904
1629
304
812
3774
2173
393
305
3279
2287
85
4816
2565
36
3150
3617
1773
2112
2964
521
3022
1779
3251
3424
564
2080
3632
603
2058
3060
1522
934
3560
2355
3016
328
125
4772
4005
1474
3538
2030
607
4655
3267
3794
1486
632
3422
1970
3694
3514
3804
4056
2983
4985
1274
976
4093
4407
4125
4726
1353
848
2534
1302
481
50
4469
3784
4470
2434
2545
1461
4405
3276
822
2976
1655
565
4643
3678
3910
1774
2920
4137
990
260
833
3059
3503
755
3216
3128
1763
4440
4024
4419
1734
723
4449
2862
1767
89
4875
3390
2678
4042
1602
1559
3466
158
4749
1424
553
241
1091
3324
3412
710
1092
4920
4850
859
4611
1153
3140
3739
2230
1829
355
2203
3919
1067
3353
1756
4508
2338
730
1938
3785
4629
367
3976
1576
2510
1388
3182
1899
1565
566
2943
2618
1758
4609
756
2670
2548
2633
905
3659
3740
1696
4279
2856
2176
245
1032
4331
3886
1465
4840
2059
3053
3297
3002
714
876
3623
1934
391
4141
808
2567
383
3918
2009
3004
1122
676
3079
3055
1137
2153
2871
1834
1155
3076
3579
803
4828
4033
2474
1800
2756
2832
1718
3207
2874
890
4153
1416
3666
1226
2297
1170
4652
786
3762
2282
2515
3268
2054
3614
1318
753
940
4742
4684
2775
3565
593
4487
2359
3204
1498
3702
4378
4427
1820
627
2902
1024
2423
971
1586
3629
1251
2293
2194
94
3186
3478
3075
1581
2288
937
4857
4006
1550
3642
737
3215
3764
2659
1844
375
826
3396
4877
1398
1150
4220
2418
702
2120
4991
2081
2709
4021
3782
3403
1367
3235
2762
185
558
3637
3656
4323
3688
2875
4287
4161
613
3357
3564
3915
686
414
2068
2924
4208
74
1482
29
2596
2345
428
3361
2820
12
682
78
4052
2279
3626
4616
4988
1297
2601
1719
4679
2070
810
4621
3687
312
3354
2761
2057
3082
1386
3
3645
31
856
2888
4078
3681
1166
300
3755
159
1670
4197
3603
1078
4608
2053
3924
1006
1003
4118
4759
1182
1989
354
2508
4198
2922
2349
1328
75
4686
303
3980
4181
4097
620
4345
1375
3036
3901
2640
4108
2331
4960
4642
2142
1338
2481
2394
950
2655
1769
3661
3161
547
1213
1953
1245
1520
3310
3595
4312
1589
4284
3250
2869
4751
2867
4303
479
3948
3667
1803
3756
2079
3669
1321
4586
1959
1280
2785
1127
1827
827
642
4168
2311
1889
3952
2569
3769
10
1189
4146
3241
1973
1694
1019
3517
3073
3457
1673
4364
1105
3129
3436
967
2106
3115
3716
4571
3382
1770
3019
2835
2229
2694
3477
4755
3329
2480
3134
2184
718
3041
2815
2133
4747
2302
581
3786
1291
4280
582
3541
4685
4587
4206
3890
3869
1996
1839
1950
2637
407
448
4453
3460
3001
3225
1001
4559
480
237
266
3600
1444
1030
3709
3088
4390
2547
4555
516
4255
4983
3520
3990
4209
4620
2115
1204
4790
2386
4261
1195
3352
3554
2082
1460
1330
4721
1210
3760
3136
3904
3444
2342
722
388
351
3575
79
4971
442
1645
400
21
3653
540
233
3695
2676
4257
2673
1373
1686
4710
1086
4014
2684
2447
4540
1221
1610
563
1090
1131
3173
1830
1556
1356
1246
4779
819
935
4839
3670
1496
4732
4961
3830
3868
2927
1974
3557
2310
1906
3819
1712
1108
1703
2391
2491
2023
3891
1294
4385
2549
2658
2161
1437
4029
774
4676
721
1042
280
1527
1740
4301
3540
688
1393
49
762
3185
410
1847
1165
2849
63
4750
2563
3031
2628
2235
2851
2552
378
3493
3682
2055
4332
3749
3552
4630
1523
116
64
4803
946
957
4925
1260
1793
4866
4663
3459
2542
3584
4115
1103
1076
3971
2744
1900
2222
573
133
4437
4185
1395
4784
2108
1431
1194
77
2250
4483
2187
1794
1790
546
4072
4879
1250
2892
4013
4851
1822
939
1475
759
1087
3938
1234
3770
3882
3374
1107
3743
2845
1301
4308
3345
1381
1658
4008
4980
2526
1308
1350
3245
2395
2353
587
3116
4927
3464
3911
3012
2825
612
4700
4046
337
2372
3158
3507
321
3148
841
4482
941
4672
4215
4380
90
3332
896
2946
3779
4989
2325
837
3701
1537
1160
2543
2489
4094
776
2343
2988
1841
3533
3677
2277
4277
4293
3772
1366
291
3511
3947
2627
4289
1902
4485
4776
4343
1071
4713
2562
248
2504
3261
2981
1990
4202
3346
435
525
4336
1023
2645
2339
4067
4318
