4243
681
766
3746
974
4996
529
2693
796
3549
2911
2481
2488
1861
416
2080
1210
415
237
633
307
4135
3542
4892
199
1965
1134
2623
723
4777
1048
1503
2538
1499
2557
1117
146
946
4179
4819
1790
801
4619
4799
102
4627
4148
639
2721
2423
758
914
696
3570
2861
1045
2414
3407
2027
2931
494
4848
238
4858
2033
4836
4721
158
1436
3747
1822
3290
3723
2520
2332
541
970
4081
4863
2415
969
2884
4097
3382
3779
182
578
3060
3233
312
4005
2775
1932
3277
1356
3565
2427
4239
4056
4524
2566
2344
4094
2098
1828
3813
4645
1656
860
2527
1033
3751
1535
1594
2593
389
4366
4476
1947
1994
1680
137
4967
727
1774
303
4395
2842
2070
3139
1855
2473
434
3038
477
4700
1647
4734
2717
4078
3081
3177
2335
2552
3614
1017
1866
1226
4040
4217
876
2390
1569
1020
2299
4087
1558
1389
470
4088
4558
4296
972
3278
3732
4448
4902
348
4454
2551
126
2114
2762
2163
1004
194
1325
3842
2797
4271
2518
3526
3150
1090
3892
4100
231
3991
2565
4228
1914
963
1027
486
2507
2601
2662
3653
4658
1848
1518
2445
3891
4940
1678
11
1454
2462
2155
370
1562
1387
98
2329
951
2673
2354
174
4111
1800
1534
878
936
2020
2636
4608
3363
2273
699
1661
3170
1192
4565
4038
418
4847
980
1972
233
2161
1953
1702
745
2496
665
43
4936
2699
2230
206
2713
414
4139
248
4137
2010
954
1221
3052
3496
378
571
3499
2560
4746
2374
552
1130
4839
1572
4464
4852
2434
3291
4030
1247
2880
115
988
2736
3999
2766
3595
2134
1773
2387
3643
516
2351
2304
642
340
4724
3341
3043
2628
1610
4028
4974
1536
4114
430
4206
4192
4530
3311
255
2984
290
3336
2231
808
3968
1867
613
4373
2682
2634
983
1119
1265
728
3307
2066
4761
4803
2730
4187
3392
3147
53
3228
2458
456
2767
2150
603
700
52
567
4362
473
4538
4067
4982
4695
3913
3257
2632
4331
3972
285
1672
3134
3255
153
2728
743
3483
948
1376
705
1419
1966
4947
1613
1232
4072
778
3445
4336
2803
4782
4403
2703
3661
1756
2932
1384
407
1401
3249
4126
3802
498
1645
3388
3449
2754
2288
695
913
1441
4583
2669
2411
3555
660
4511
4140
594
733
103
923
2532
1299
4385
4345
3782
2519
65
1250
2769
3309
1110
3757
4694
2202
1753
528
3327
3227
1674
3422
680
2879
4535
2494
1320
3739
1949
489
888
2688
4195
3715
4265
1355
3617
3973
1930
3772
3853
1023
84
2212
3694
4466
2177
4196
1149
1599
3831
2773
3502
2549
3890
1449
1712
1259
424
3775
3707
4161
667
4122
3752
4455
1273
4390
3969
1168
962
2985
1846
2666
179
2502
747
4642
4572
4408
4753
1510
4741
4613
1052
4562
4691
3907
2341
3064
4478
2264
4154
3992
4054
1665
2579
4666
2630
4099
1595
3629
4337
4190
4149
3241
3358
2696
1302
2032
1094
2319
1069
3503
195
2365
4872
1512
90
1075
1256
3594
2343
2523
1524
3454
4911
2602
3175
3173
510
3213
2306
1618
3355
3954
1786
3025
1284
1440
2477
3584
3251
1083
3394
3612
75
4881
1870
1292
1834
3522
4176
547
3848
1776
2305
2051
3289
4620
3202
4898
4047
1821
104
2983
2966
3088
4909
1222
4525
2640
3478
2367
804
4853
4705
2765
4551
1172
2818
1132
3110
2898
534
1330
1140
977
409
671
3092
4133
1831
1223
13
543
381
3922
3998
1416
4762
4926
2328
1912
2790
4738
2613
4041
4966
2741
882
714
4489
3926
247
2284
4505
3864
3625
2372
2802
1397
2336
1253
3079
152
900
852
1
3857
2044
3983
1428
405
4310
4025
4432
2627
3915
329
1829
830
1009
1174
4772
3456
2751
2512
3269
3548
4407
2539
262
831
4351
1862
3455
4928
1635
4420
2453
3362
3292
1432
704
967
1137
4985
3703
74
1789
2149
2525
4052
2849
517
1158
3536
3299
2133
1860
2263
3438
4704
3044
4521
3550
2215
4419
4651
410
4050
1891
4459
3527
501
4674
4343
2588
169
1612
2382
3369
692
3112
480
236
3497
3942
323
1451
2018
4338
3883
3519
3107
1996
1276
4199
2712
3050
3281
208
357
4435
3765
2259
2152
3557
1525
2436
96
324
3668
916
2611
3040
332
4427
2361
1876
3660
3352
2085
2929
3324
4780
3686
1315
2594
2355
1077
226
3252
3905
345
3033
2646
1986
3129
1482
1993
4251
3774
4370
4895
1328
4680
4184
1954
1214
3276
4930
1101
3713
175
256
838
128
4235
458
3952
4921
2188
555
2641
775
2122
500
526
1508
4433
2187
1943
1390
3618
1089
4844
365
3984
2490
2476
2145
2919
4397
1463
3146
1095
583
1068
3663
1743
1196
1093
4233
4795
3667
3056
8
4186
2598
1906
1334
1238
287
4142
826
475
1112
2904
4107
295
4215
1305
1895
918
2752
4747
4866
1739
2004
2760
1239
3568
3338
4893
901
3959
4585
3395
398
3059
245
2789
4796
4360
3608
3183
2825
161
304
3880
3226
3693
4564
77
2412
1838
2897
164
2240
2892
4490
725
2049
3135
2963
2933
1471
3155
1853
1046
3767
1590
2315
4236
2160
1513
4379
1350
3000
731
2799
4165
3937
4076
3188
448
2203
3525
3420
2131
4474
887
3788
267
1682
3376
3083
2745
4875
2509
435
4634
465
4365
3236
99
1297
629
4091
1643
812
3078
2075
1555
574
1565
3533
1074
1312
476
1814
1905
3674
57
3805
2840
1882
1597
3048
2863
4843
1037
73
2440
2670
3259
3412
314
71
698
729
4808
2298
674
839
4293
497
353
2555
1928
2845
2597
3374
3471
1494
2392
4828
2326
40
4630
4745
1755
2707
881
2954
4623
3512
3093
3578
1235
2643
3221
3323
2943
1476
4654
1289
235
2869
2977
1038
604
726
